version https://git-lfs.github.com/spec/v1
oid sha256:b11da7d519e8821557bffb179b9d104811ed0462bf4b8789ad8e2d0f732e2d1c
size 5794419
